10
40 26 73 31 24 29 48 60 71 14 
36 47 56 42 96 70 31 92 52 90 
51 85 22 22 92 0 16 38 36 23 
55 58 93 64 67 84 77 84 64 98 
75 81 74 15 74 93 48 74 20 98 
76 56 69 61 59 31 38 52 3 51 
33 47 99 1 27 21 78 20 17 86 
92 55 8 96 66 10 48 72 21 57 
64 22 47 31 52 92 58 57 91 99 
25 13 85 43 86 42 5 93 97 46 
45 29 39 31 39 96 72 89 22 16 
62 29 98 20 32 86 17 32 91 84 
72 5 8 62 94 5 10 50 12 45 
30 96 51 64 74 43 51 9 4 16 
40 70 28 29 51 51 65 91 42 38 
28 45 1 49 94 72 78 59 38 47 
80 52 3 76 44 3 0 54 81 10 
66 22 83 88 22 25 35 64 40 32 
5 31 12 71 74 91 85 48 36 39 
23 31 73 31 50 71 93 86 26 64 
