100
49 82 79 44 71 16 57 0 3 16 37 42 28 61 37 94 86 87 96 17 66 96 65 3 2 62 58 1 42 50 98 43 76 16 99 70 47 59 88 23 25 6 39 47 24 81 51 35 41 17 94 5 85 50 2 14 43 71 46 72 86 17 64 92 48 29 21 56 65 20 37 75 71 42 53 53 50 39 7 22 27 54 73 8 82 84 19 60 62 19 31 75 43 84 6 66 58 48 10 56 
49 82 44 79 71 16 57 0 3 16 37 42 28 61 37 94 86 87 96 17 66 96 65 3 2 62 58 1 42 50 98 43 76 16 99 70 47 59 88 23 25 6 39 47 24 81 51 35 41 17 94 5 85 50 2 14 43 71 46 72 86 17 64 92 48 29 21 56 65 20 37 75 71 42 53 53 50 39 7 22 27 54 73 8 82 84 19 60 62 19 31 75 43 84 6 66 58 48 10 56 
44 49 79 82 71 16 57 0 3 16 37 42 28 61 37 94 86 87 96 17 66 96 65 3 2 62 58 1 42 50 98 43 76 16 99 70 47 59 88 23 25 6 39 47 24 81 51 35 41 17 94 5 85 50 2 14 43 71 46 72 86 17 64 92 48 29 21 56 65 20 37 75 71 42 53 53 50 39 7 22 27 54 73 8 82 84 19 60 62 19 31 75 43 84 6 66 58 48 10 56 
44 49 79 82 16 71 57 0 3 16 37 42 28 61 37 94 86 87 96 17 66 96 65 3 2 62 58 1 42 50 98 43 76 16 99 70 47 59 88 23 25 6 39 47 24 81 51 35 41 17 94 5 85 50 2 14 43 71 46 72 86 17 64 92 48 29 21 56 65 20 37 75 71 42 53 53 50 39 7 22 27 54 73 8 82 84 19 60 62 19 31 75 43 84 6 66 58 48 10 56 
44 49 79 82 16 57 71 0 3 16 37 42 28 61 37 94 86 87 96 17 66 96 65 3 2 62 58 1 42 50 98 43 76 16 99 70 47 59 88 23 25 6 39 47 24 81 51 35 41 17 94 5 85 50 2 14 43 71 46 72 86 17 64 92 48 29 21 56 65 20 37 75 71 42 53 53 50 39 7 22 27 54 73 8 82 84 19 60 62 19 31 75 43 84 6 66 58 48 10 56 
16 44 49 57 71 79 82 0 3 16 37 42 28 61 37 94 86 87 96 17 66 96 65 3 2 62 58 1 42 50 98 43 76 16 99 70 47 59 88 23 25 6 39 47 24 81 51 35 41 17 94 5 85 50 2 14 43 71 46 72 86 17 64 92 48 29 21 56 65 20 37 75 71 42 53 53 50 39 7 22 27 54 73 8 82 84 19 60 62 19 31 75 43 84 6 66 58 48 10 56 
16 44 49 57 71 79 82 0 3 16 37 42 28 61 37 94 86 87 96 17 66 96 65 3 2 62 58 1 42 50 98 43 76 16 99 70 47 59 88 23 25 6 39 47 24 81 51 35 41 17 94 5 85 50 2 14 43 71 46 72 86 17 64 92 48 29 21 56 65 20 37 75 71 42 53 53 50 39 7 22 27 54 73 8 82 84 19 60 62 19 31 75 43 84 6 66 58 48 10 56 
16 44 49 57 71 79 82 0 3 16 37 42 28 61 37 94 86 87 96 17 66 96 65 3 2 62 58 1 42 50 98 43 76 16 99 70 47 59 88 23 25 6 39 47 24 81 51 35 41 17 94 5 85 50 2 14 43 71 46 72 86 17 64 92 48 29 21 56 65 20 37 75 71 42 53 53 50 39 7 22 27 54 73 8 82 84 19 60 62 19 31 75 43 84 6 66 58 48 10 56 
16 44 49 57 71 79 82 0 3 16 37 42 28 61 37 94 86 87 96 17 66 96 65 3 2 62 58 1 42 50 98 43 76 16 99 70 47 59 88 23 25 6 39 47 24 81 51 35 41 17 94 5 85 50 2 14 43 71 46 72 86 17 64 92 48 29 21 56 65 20 37 75 71 42 53 53 50 39 7 22 27 54 73 8 82 84 19 60 62 19 31 75 43 84 6 66 58 48 10 56 
16 44 49 57 71 79 82 0 3 16 28 37 42 61 37 94 86 87 96 17 66 96 65 3 2 62 58 1 42 50 98 43 76 16 99 70 47 59 88 23 25 6 39 47 24 81 51 35 41 17 94 5 85 50 2 14 43 71 46 72 86 17 64 92 48 29 21 56 65 20 37 75 71 42 53 53 50 39 7 22 27 54 73 8 82 84 19 60 62 19 31 75 43 84 6 66 58 48 10 56 
16 44 49 57 71 79 82 0 3 16 28 37 42 61 37 94 86 87 96 17 66 96 65 3 2 62 58 1 42 50 98 43 76 16 99 70 47 59 88 23 25 6 39 47 24 81 51 35 41 17 94 5 85 50 2 14 43 71 46 72 86 17 64 92 48 29 21 56 65 20 37 75 71 42 53 53 50 39 7 22 27 54 73 8 82 84 19 60 62 19 31 75 43 84 6 66 58 48 10 56 
0 3 16 16 28 37 42 44 49 57 71 79 82 61 37 94 86 87 96 17 66 96 65 3 2 62 58 1 42 50 98 43 76 16 99 70 47 59 88 23 25 6 39 47 24 81 51 35 41 17 94 5 85 50 2 14 43 71 46 72 86 17 64 92 48 29 21 56 65 20 37 75 71 42 53 53 50 39 7 22 27 54 73 8 82 84 19 60 62 19 31 75 43 84 6 66 58 48 10 56 
0 3 16 16 28 37 42 44 49 57 71 79 82 37 61 94 86 87 96 17 66 96 65 3 2 62 58 1 42 50 98 43 76 16 99 70 47 59 88 23 25 6 39 47 24 81 51 35 41 17 94 5 85 50 2 14 43 71 46 72 86 17 64 92 48 29 21 56 65 20 37 75 71 42 53 53 50 39 7 22 27 54 73 8 82 84 19 60 62 19 31 75 43 84 6 66 58 48 10 56 
0 3 16 16 28 37 42 44 49 57 71 79 82 37 61 94 86 87 96 17 66 96 65 3 2 62 58 1 42 50 98 43 76 16 99 70 47 59 88 23 25 6 39 47 24 81 51 35 41 17 94 5 85 50 2 14 43 71 46 72 86 17 64 92 48 29 21 56 65 20 37 75 71 42 53 53 50 39 7 22 27 54 73 8 82 84 19 60 62 19 31 75 43 84 6 66 58 48 10 56 
0 3 16 16 28 37 42 44 49 57 71 79 82 37 61 94 86 87 96 17 66 96 65 3 2 62 58 1 42 50 98 43 76 16 99 70 47 59 88 23 25 6 39 47 24 81 51 35 41 17 94 5 85 50 2 14 43 71 46 72 86 17 64 92 48 29 21 56 65 20 37 75 71 42 53 53 50 39 7 22 27 54 73 8 82 84 19 60 62 19 31 75 43 84 6 66 58 48 10 56 
0 3 16 16 28 37 42 44 49 57 71 79 82 37 61 94 86 87 96 17 66 96 65 3 2 62 58 1 42 50 98 43 76 16 99 70 47 59 88 23 25 6 39 47 24 81 51 35 41 17 94 5 85 50 2 14 43 71 46 72 86 17 64 92 48 29 21 56 65 20 37 75 71 42 53 53 50 39 7 22 27 54 73 8 82 84 19 60 62 19 31 75 43 84 6 66 58 48 10 56 
0 3 16 16 28 37 42 44 49 57 71 79 82 37 61 86 87 94 96 17 66 96 65 3 2 62 58 1 42 50 98 43 76 16 99 70 47 59 88 23 25 6 39 47 24 81 51 35 41 17 94 5 85 50 2 14 43 71 46 72 86 17 64 92 48 29 21 56 65 20 37 75 71 42 53 53 50 39 7 22 27 54 73 8 82 84 19 60 62 19 31 75 43 84 6 66 58 48 10 56 
0 3 16 16 28 37 42 44 49 57 71 79 82 37 61 86 87 94 96 17 66 96 65 3 2 62 58 1 42 50 98 43 76 16 99 70 47 59 88 23 25 6 39 47 24 81 51 35 41 17 94 5 85 50 2 14 43 71 46 72 86 17 64 92 48 29 21 56 65 20 37 75 71 42 53 53 50 39 7 22 27 54 73 8 82 84 19 60 62 19 31 75 43 84 6 66 58 48 10 56 
0 3 16 16 28 37 42 44 49 57 71 79 82 37 61 86 87 94 96 17 66 96 65 3 2 62 58 1 42 50 98 43 76 16 99 70 47 59 88 23 25 6 39 47 24 81 51 35 41 17 94 5 85 50 2 14 43 71 46 72 86 17 64 92 48 29 21 56 65 20 37 75 71 42 53 53 50 39 7 22 27 54 73 8 82 84 19 60 62 19 31 75 43 84 6 66 58 48 10 56 
0 3 16 16 28 37 42 44 49 57 71 79 82 37 61 86 87 94 96 17 66 96 3 65 2 62 58 1 42 50 98 43 76 16 99 70 47 59 88 23 25 6 39 47 24 81 51 35 41 17 94 5 85 50 2 14 43 71 46 72 86 17 64 92 48 29 21 56 65 20 37 75 71 42 53 53 50 39 7 22 27 54 73 8 82 84 19 60 62 19 31 75 43 84 6 66 58 48 10 56 
0 3 16 16 28 37 42 44 49 57 71 79 82 37 61 86 87 94 96 17 66 96 2 3 65 62 58 1 42 50 98 43 76 16 99 70 47 59 88 23 25 6 39 47 24 81 51 35 41 17 94 5 85 50 2 14 43 71 46 72 86 17 64 92 48 29 21 56 65 20 37 75 71 42 53 53 50 39 7 22 27 54 73 8 82 84 19 60 62 19 31 75 43 84 6 66 58 48 10 56 
0 3 16 16 28 37 42 44 49 57 71 79 82 37 61 86 87 94 96 2 3 17 65 66 96 62 58 1 42 50 98 43 76 16 99 70 47 59 88 23 25 6 39 47 24 81 51 35 41 17 94 5 85 50 2 14 43 71 46 72 86 17 64 92 48 29 21 56 65 20 37 75 71 42 53 53 50 39 7 22 27 54 73 8 82 84 19 60 62 19 31 75 43 84 6 66 58 48 10 56 
0 3 16 16 28 37 42 44 49 57 71 79 82 2 3 17 37 61 65 66 86 87 94 96 96 62 58 1 42 50 98 43 76 16 99 70 47 59 88 23 25 6 39 47 24 81 51 35 41 17 94 5 85 50 2 14 43 71 46 72 86 17 64 92 48 29 21 56 65 20 37 75 71 42 53 53 50 39 7 22 27 54 73 8 82 84 19 60 62 19 31 75 43 84 6 66 58 48 10 56 
0 2 3 3 16 16 17 28 37 37 42 44 49 57 61 65 66 71 79 82 86 87 94 96 96 62 58 1 42 50 98 43 76 16 99 70 47 59 88 23 25 6 39 47 24 81 51 35 41 17 94 5 85 50 2 14 43 71 46 72 86 17 64 92 48 29 21 56 65 20 37 75 71 42 53 53 50 39 7 22 27 54 73 8 82 84 19 60 62 19 31 75 43 84 6 66 58 48 10 56 
0 2 3 3 16 16 17 28 37 37 42 44 49 57 61 65 66 71 79 82 86 87 94 96 96 58 62 1 42 50 98 43 76 16 99 70 47 59 88 23 25 6 39 47 24 81 51 35 41 17 94 5 85 50 2 14 43 71 46 72 86 17 64 92 48 29 21 56 65 20 37 75 71 42 53 53 50 39 7 22 27 54 73 8 82 84 19 60 62 19 31 75 43 84 6 66 58 48 10 56 
0 2 3 3 16 16 17 28 37 37 42 44 49 57 61 65 66 71 79 82 86 87 94 96 96 58 62 1 42 50 98 43 76 16 99 70 47 59 88 23 25 6 39 47 24 81 51 35 41 17 94 5 85 50 2 14 43 71 46 72 86 17 64 92 48 29 21 56 65 20 37 75 71 42 53 53 50 39 7 22 27 54 73 8 82 84 19 60 62 19 31 75 43 84 6 66 58 48 10 56 
0 2 3 3 16 16 17 28 37 37 42 44 49 57 61 65 66 71 79 82 86 87 94 96 96 1 42 58 62 50 98 43 76 16 99 70 47 59 88 23 25 6 39 47 24 81 51 35 41 17 94 5 85 50 2 14 43 71 46 72 86 17 64 92 48 29 21 56 65 20 37 75 71 42 53 53 50 39 7 22 27 54 73 8 82 84 19 60 62 19 31 75 43 84 6 66 58 48 10 56 
0 2 3 3 16 16 17 28 37 37 42 44 49 57 61 65 66 71 79 82 86 87 94 96 96 1 42 58 62 50 98 43 76 16 99 70 47 59 88 23 25 6 39 47 24 81 51 35 41 17 94 5 85 50 2 14 43 71 46 72 86 17 64 92 48 29 21 56 65 20 37 75 71 42 53 53 50 39 7 22 27 54 73 8 82 84 19 60 62 19 31 75 43 84 6 66 58 48 10 56 
0 2 3 3 16 16 17 28 37 37 42 44 49 57 61 65 66 71 79 82 86 87 94 96 96 1 42 58 62 43 50 98 76 16 99 70 47 59 88 23 25 6 39 47 24 81 51 35 41 17 94 5 85 50 2 14 43 71 46 72 86 17 64 92 48 29 21 56 65 20 37 75 71 42 53 53 50 39 7 22 27 54 73 8 82 84 19 60 62 19 31 75 43 84 6 66 58 48 10 56 
0 2 3 3 16 16 17 28 37 37 42 44 49 57 61 65 66 71 79 82 86 87 94 96 96 1 42 43 50 58 62 98 76 16 99 70 47 59 88 23 25 6 39 47 24 81 51 35 41 17 94 5 85 50 2 14 43 71 46 72 86 17 64 92 48 29 21 56 65 20 37 75 71 42 53 53 50 39 7 22 27 54 73 8 82 84 19 60 62 19 31 75 43 84 6 66 58 48 10 56 
0 2 3 3 16 16 17 28 37 37 42 44 49 57 61 65 66 71 79 82 86 87 94 96 96 1 42 43 50 58 62 98 16 76 99 70 47 59 88 23 25 6 39 47 24 81 51 35 41 17 94 5 85 50 2 14 43 71 46 72 86 17 64 92 48 29 21 56 65 20 37 75 71 42 53 53 50 39 7 22 27 54 73 8 82 84 19 60 62 19 31 75 43 84 6 66 58 48 10 56 
0 2 3 3 16 16 17 28 37 37 42 44 49 57 61 65 66 71 79 82 86 87 94 96 96 1 42 43 50 58 62 98 16 76 99 70 47 59 88 23 25 6 39 47 24 81 51 35 41 17 94 5 85 50 2 14 43 71 46 72 86 17 64 92 48 29 21 56 65 20 37 75 71 42 53 53 50 39 7 22 27 54 73 8 82 84 19 60 62 19 31 75 43 84 6 66 58 48 10 56 
0 2 3 3 16 16 17 28 37 37 42 44 49 57 61 65 66 71 79 82 86 87 94 96 96 1 42 43 50 58 62 98 16 76 99 47 70 59 88 23 25 6 39 47 24 81 51 35 41 17 94 5 85 50 2 14 43 71 46 72 86 17 64 92 48 29 21 56 65 20 37 75 71 42 53 53 50 39 7 22 27 54 73 8 82 84 19 60 62 19 31 75 43 84 6 66 58 48 10 56 
0 2 3 3 16 16 17 28 37 37 42 44 49 57 61 65 66 71 79 82 86 87 94 96 96 1 42 43 50 58 62 98 16 76 99 47 59 70 88 23 25 6 39 47 24 81 51 35 41 17 94 5 85 50 2 14 43 71 46 72 86 17 64 92 48 29 21 56 65 20 37 75 71 42 53 53 50 39 7 22 27 54 73 8 82 84 19 60 62 19 31 75 43 84 6 66 58 48 10 56 
0 2 3 3 16 16 17 28 37 37 42 44 49 57 61 65 66 71 79 82 86 87 94 96 96 1 42 43 50 58 62 98 16 47 59 70 76 99 88 23 25 6 39 47 24 81 51 35 41 17 94 5 85 50 2 14 43 71 46 72 86 17 64 92 48 29 21 56 65 20 37 75 71 42 53 53 50 39 7 22 27 54 73 8 82 84 19 60 62 19 31 75 43 84 6 66 58 48 10 56 
0 2 3 3 16 16 17 28 37 37 42 44 49 57 61 65 66 71 79 82 86 87 94 96 96 1 16 42 43 47 50 58 59 62 70 76 98 99 88 23 25 6 39 47 24 81 51 35 41 17 94 5 85 50 2 14 43 71 46 72 86 17 64 92 48 29 21 56 65 20 37 75 71 42 53 53 50 39 7 22 27 54 73 8 82 84 19 60 62 19 31 75 43 84 6 66 58 48 10 56 
0 2 3 3 16 16 17 28 37 37 42 44 49 57 61 65 66 71 79 82 86 87 94 96 96 1 16 42 43 47 50 58 59 62 70 76 98 99 23 88 25 6 39 47 24 81 51 35 41 17 94 5 85 50 2 14 43 71 46 72 86 17 64 92 48 29 21 56 65 20 37 75 71 42 53 53 50 39 7 22 27 54 73 8 82 84 19 60 62 19 31 75 43 84 6 66 58 48 10 56 
0 2 3 3 16 16 17 28 37 37 42 44 49 57 61 65 66 71 79 82 86 87 94 96 96 1 16 42 43 47 50 58 59 62 70 76 98 99 23 25 88 6 39 47 24 81 51 35 41 17 94 5 85 50 2 14 43 71 46 72 86 17 64 92 48 29 21 56 65 20 37 75 71 42 53 53 50 39 7 22 27 54 73 8 82 84 19 60 62 19 31 75 43 84 6 66 58 48 10 56 
0 2 3 3 16 16 17 28 37 37 42 44 49 57 61 65 66 71 79 82 86 87 94 96 96 1 16 42 43 47 50 58 59 62 70 76 98 99 23 25 88 6 39 47 24 81 51 35 41 17 94 5 85 50 2 14 43 71 46 72 86 17 64 92 48 29 21 56 65 20 37 75 71 42 53 53 50 39 7 22 27 54 73 8 82 84 19 60 62 19 31 75 43 84 6 66 58 48 10 56 
0 2 3 3 16 16 17 28 37 37 42 44 49 57 61 65 66 71 79 82 86 87 94 96 96 1 16 42 43 47 50 58 59 62 70 76 98 99 23 25 88 6 39 47 24 81 51 35 41 17 94 5 85 50 2 14 43 71 46 72 86 17 64 92 48 29 21 56 65 20 37 75 71 42 53 53 50 39 7 22 27 54 73 8 82 84 19 60 62 19 31 75 43 84 6 66 58 48 10 56 
0 2 3 3 16 16 17 28 37 37 42 44 49 57 61 65 66 71 79 82 86 87 94 96 96 1 16 42 43 47 50 58 59 62 70 76 98 99 6 23 25 39 47 88 24 81 51 35 41 17 94 5 85 50 2 14 43 71 46 72 86 17 64 92 48 29 21 56 65 20 37 75 71 42 53 53 50 39 7 22 27 54 73 8 82 84 19 60 62 19 31 75 43 84 6 66 58 48 10 56 
0 2 3 3 16 16 17 28 37 37 42 44 49 57 61 65 66 71 79 82 86 87 94 96 96 1 16 42 43 47 50 58 59 62 70 76 98 99 6 23 25 39 47 88 24 81 51 35 41 17 94 5 85 50 2 14 43 71 46 72 86 17 64 92 48 29 21 56 65 20 37 75 71 42 53 53 50 39 7 22 27 54 73 8 82 84 19 60 62 19 31 75 43 84 6 66 58 48 10 56 
0 2 3 3 16 16 17 28 37 37 42 44 49 57 61 65 66 71 79 82 86 87 94 96 96 1 16 42 43 47 50 58 59 62 70 76 98 99 6 23 25 39 47 88 24 51 81 35 41 17 94 5 85 50 2 14 43 71 46 72 86 17 64 92 48 29 21 56 65 20 37 75 71 42 53 53 50 39 7 22 27 54 73 8 82 84 19 60 62 19 31 75 43 84 6 66 58 48 10 56 
0 2 3 3 16 16 17 28 37 37 42 44 49 57 61 65 66 71 79 82 86 87 94 96 96 1 16 42 43 47 50 58 59 62 70 76 98 99 6 23 25 39 47 88 24 51 81 35 41 17 94 5 85 50 2 14 43 71 46 72 86 17 64 92 48 29 21 56 65 20 37 75 71 42 53 53 50 39 7 22 27 54 73 8 82 84 19 60 62 19 31 75 43 84 6 66 58 48 10 56 
0 2 3 3 16 16 17 28 37 37 42 44 49 57 61 65 66 71 79 82 86 87 94 96 96 1 16 42 43 47 50 58 59 62 70 76 98 99 6 23 25 39 47 88 24 51 81 17 35 41 94 5 85 50 2 14 43 71 46 72 86 17 64 92 48 29 21 56 65 20 37 75 71 42 53 53 50 39 7 22 27 54 73 8 82 84 19 60 62 19 31 75 43 84 6 66 58 48 10 56 
0 2 3 3 16 16 17 28 37 37 42 44 49 57 61 65 66 71 79 82 86 87 94 96 96 1 16 42 43 47 50 58 59 62 70 76 98 99 6 23 25 39 47 88 17 24 35 41 51 81 94 5 85 50 2 14 43 71 46 72 86 17 64 92 48 29 21 56 65 20 37 75 71 42 53 53 50 39 7 22 27 54 73 8 82 84 19 60 62 19 31 75 43 84 6 66 58 48 10 56 
0 2 3 3 16 16 17 28 37 37 42 44 49 57 61 65 66 71 79 82 86 87 94 96 96 1 16 42 43 47 50 58 59 62 70 76 98 99 6 17 23 24 25 35 39 41 47 51 81 88 94 5 85 50 2 14 43 71 46 72 86 17 64 92 48 29 21 56 65 20 37 75 71 42 53 53 50 39 7 22 27 54 73 8 82 84 19 60 62 19 31 75 43 84 6 66 58 48 10 56 
0 2 3 3 16 16 17 28 37 37 42 44 49 57 61 65 66 71 79 82 86 87 94 96 96 1 6 16 17 23 24 25 35 39 41 42 43 47 47 50 51 58 59 62 70 76 81 88 98 99 94 5 85 50 2 14 43 71 46 72 86 17 64 92 48 29 21 56 65 20 37 75 71 42 53 53 50 39 7 22 27 54 73 8 82 84 19 60 62 19 31 75 43 84 6 66 58 48 10 56 
0 1 2 3 3 6 16 16 16 17 17 23 24 25 28 35 37 37 39 41 42 42 43 44 47 47 49 50 51 57 58 59 61 62 65 66 70 71 76 79 81 82 86 87 88 94 96 96 98 99 94 5 85 50 2 14 43 71 46 72 86 17 64 92 48 29 21 56 65 20 37 75 71 42 53 53 50 39 7 22 27 54 73 8 82 84 19 60 62 19 31 75 43 84 6 66 58 48 10 56 
0 1 2 3 3 6 16 16 16 17 17 23 24 25 28 35 37 37 39 41 42 42 43 44 47 47 49 50 51 57 58 59 61 62 65 66 70 71 76 79 81 82 86 87 88 94 96 96 98 99 5 94 85 50 2 14 43 71 46 72 86 17 64 92 48 29 21 56 65 20 37 75 71 42 53 53 50 39 7 22 27 54 73 8 82 84 19 60 62 19 31 75 43 84 6 66 58 48 10 56 
0 1 2 3 3 6 16 16 16 17 17 23 24 25 28 35 37 37 39 41 42 42 43 44 47 47 49 50 51 57 58 59 61 62 65 66 70 71 76 79 81 82 86 87 88 94 96 96 98 99 5 94 50 85 2 14 43 71 46 72 86 17 64 92 48 29 21 56 65 20 37 75 71 42 53 53 50 39 7 22 27 54 73 8 82 84 19 60 62 19 31 75 43 84 6 66 58 48 10 56 
0 1 2 3 3 6 16 16 16 17 17 23 24 25 28 35 37 37 39 41 42 42 43 44 47 47 49 50 51 57 58 59 61 62 65 66 70 71 76 79 81 82 86 87 88 94 96 96 98 99 5 50 85 94 2 14 43 71 46 72 86 17 64 92 48 29 21 56 65 20 37 75 71 42 53 53 50 39 7 22 27 54 73 8 82 84 19 60 62 19 31 75 43 84 6 66 58 48 10 56 
0 1 2 3 3 6 16 16 16 17 17 23 24 25 28 35 37 37 39 41 42 42 43 44 47 47 49 50 51 57 58 59 61 62 65 66 70 71 76 79 81 82 86 87 88 94 96 96 98 99 5 50 85 94 2 14 43 71 46 72 86 17 64 92 48 29 21 56 65 20 37 75 71 42 53 53 50 39 7 22 27 54 73 8 82 84 19 60 62 19 31 75 43 84 6 66 58 48 10 56 
0 1 2 3 3 6 16 16 16 17 17 23 24 25 28 35 37 37 39 41 42 42 43 44 47 47 49 50 51 57 58 59 61 62 65 66 70 71 76 79 81 82 86 87 88 94 96 96 98 99 5 50 85 94 2 14 43 71 46 72 86 17 64 92 48 29 21 56 65 20 37 75 71 42 53 53 50 39 7 22 27 54 73 8 82 84 19 60 62 19 31 75 43 84 6 66 58 48 10 56 
0 1 2 3 3 6 16 16 16 17 17 23 24 25 28 35 37 37 39 41 42 42 43 44 47 47 49 50 51 57 58 59 61 62 65 66 70 71 76 79 81 82 86 87 88 94 96 96 98 99 2 5 14 43 50 85 94 71 46 72 86 17 64 92 48 29 21 56 65 20 37 75 71 42 53 53 50 39 7 22 27 54 73 8 82 84 19 60 62 19 31 75 43 84 6 66 58 48 10 56 
0 1 2 3 3 6 16 16 16 17 17 23 24 25 28 35 37 37 39 41 42 42 43 44 47 47 49 50 51 57 58 59 61 62 65 66 70 71 76 79 81 82 86 87 88 94 96 96 98 99 2 5 14 43 50 85 94 46 71 72 86 17 64 92 48 29 21 56 65 20 37 75 71 42 53 53 50 39 7 22 27 54 73 8 82 84 19 60 62 19 31 75 43 84 6 66 58 48 10 56 
0 1 2 3 3 6 16 16 16 17 17 23 24 25 28 35 37 37 39 41 42 42 43 44 47 47 49 50 51 57 58 59 61 62 65 66 70 71 76 79 81 82 86 87 88 94 96 96 98 99 2 5 14 43 50 85 94 46 71 72 86 17 64 92 48 29 21 56 65 20 37 75 71 42 53 53 50 39 7 22 27 54 73 8 82 84 19 60 62 19 31 75 43 84 6 66 58 48 10 56 
0 1 2 3 3 6 16 16 16 17 17 23 24 25 28 35 37 37 39 41 42 42 43 44 47 47 49 50 51 57 58 59 61 62 65 66 70 71 76 79 81 82 86 87 88 94 96 96 98 99 2 5 14 43 50 85 94 46 71 72 17 86 64 92 48 29 21 56 65 20 37 75 71 42 53 53 50 39 7 22 27 54 73 8 82 84 19 60 62 19 31 75 43 84 6 66 58 48 10 56 
0 1 2 3 3 6 16 16 16 17 17 23 24 25 28 35 37 37 39 41 42 42 43 44 47 47 49 50 51 57 58 59 61 62 65 66 70 71 76 79 81 82 86 87 88 94 96 96 98 99 2 5 14 43 50 85 94 46 71 72 17 64 86 92 48 29 21 56 65 20 37 75 71 42 53 53 50 39 7 22 27 54 73 8 82 84 19 60 62 19 31 75 43 84 6 66 58 48 10 56 
0 1 2 3 3 6 16 16 16 17 17 23 24 25 28 35 37 37 39 41 42 42 43 44 47 47 49 50 51 57 58 59 61 62 65 66 70 71 76 79 81 82 86 87 88 94 96 96 98 99 2 5 14 43 50 85 94 17 46 64 71 72 86 92 48 29 21 56 65 20 37 75 71 42 53 53 50 39 7 22 27 54 73 8 82 84 19 60 62 19 31 75 43 84 6 66 58 48 10 56 
0 1 2 3 3 6 16 16 16 17 17 23 24 25 28 35 37 37 39 41 42 42 43 44 47 47 49 50 51 57 58 59 61 62 65 66 70 71 76 79 81 82 86 87 88 94 96 96 98 99 2 5 14 17 43 46 50 64 71 72 85 86 94 92 48 29 21 56 65 20 37 75 71 42 53 53 50 39 7 22 27 54 73 8 82 84 19 60 62 19 31 75 43 84 6 66 58 48 10 56 
0 1 2 3 3 6 16 16 16 17 17 23 24 25 28 35 37 37 39 41 42 42 43 44 47 47 49 50 51 57 58 59 61 62 65 66 70 71 76 79 81 82 86 87 88 94 96 96 98 99 2 5 14 17 43 46 50 64 71 72 85 86 94 48 92 29 21 56 65 20 37 75 71 42 53 53 50 39 7 22 27 54 73 8 82 84 19 60 62 19 31 75 43 84 6 66 58 48 10 56 
0 1 2 3 3 6 16 16 16 17 17 23 24 25 28 35 37 37 39 41 42 42 43 44 47 47 49 50 51 57 58 59 61 62 65 66 70 71 76 79 81 82 86 87 88 94 96 96 98 99 2 5 14 17 43 46 50 64 71 72 85 86 94 29 48 92 21 56 65 20 37 75 71 42 53 53 50 39 7 22 27 54 73 8 82 84 19 60 62 19 31 75 43 84 6 66 58 48 10 56 
0 1 2 3 3 6 16 16 16 17 17 23 24 25 28 35 37 37 39 41 42 42 43 44 47 47 49 50 51 57 58 59 61 62 65 66 70 71 76 79 81 82 86 87 88 94 96 96 98 99 2 5 14 17 43 46 50 64 71 72 85 86 94 29 48 92 21 56 65 20 37 75 71 42 53 53 50 39 7 22 27 54 73 8 82 84 19 60 62 19 31 75 43 84 6 66 58 48 10 56 
0 1 2 3 3 6 16 16 16 17 17 23 24 25 28 35 37 37 39 41 42 42 43 44 47 47 49 50 51 57 58 59 61 62 65 66 70 71 76 79 81 82 86 87 88 94 96 96 98 99 2 5 14 17 43 46 50 64 71 72 85 86 94 29 48 92 21 56 65 20 37 75 71 42 53 53 50 39 7 22 27 54 73 8 82 84 19 60 62 19 31 75 43 84 6 66 58 48 10 56 
0 1 2 3 3 6 16 16 16 17 17 23 24 25 28 35 37 37 39 41 42 42 43 44 47 47 49 50 51 57 58 59 61 62 65 66 70 71 76 79 81 82 86 87 88 94 96 96 98 99 2 5 14 17 43 46 50 64 71 72 85 86 94 21 29 48 56 65 92 20 37 75 71 42 53 53 50 39 7 22 27 54 73 8 82 84 19 60 62 19 31 75 43 84 6 66 58 48 10 56 
0 1 2 3 3 6 16 16 16 17 17 23 24 25 28 35 37 37 39 41 42 42 43 44 47 47 49 50 51 57 58 59 61 62 65 66 70 71 76 79 81 82 86 87 88 94 96 96 98 99 2 5 14 17 43 46 50 64 71 72 85 86 94 21 29 48 56 65 92 20 37 75 71 42 53 53 50 39 7 22 27 54 73 8 82 84 19 60 62 19 31 75 43 84 6 66 58 48 10 56 
0 1 2 3 3 6 16 16 16 17 17 23 24 25 28 35 37 37 39 41 42 42 43 44 47 47 49 50 51 57 58 59 61 62 65 66 70 71 76 79 81 82 86 87 88 94 96 96 98 99 2 5 14 17 43 46 50 64 71 72 85 86 94 21 29 48 56 65 92 20 37 75 71 42 53 53 50 39 7 22 27 54 73 8 82 84 19 60 62 19 31 75 43 84 6 66 58 48 10 56 
0 1 2 3 3 6 16 16 16 17 17 23 24 25 28 35 37 37 39 41 42 42 43 44 47 47 49 50 51 57 58 59 61 62 65 66 70 71 76 79 81 82 86 87 88 94 96 96 98 99 2 5 14 17 43 46 50 64 71 72 85 86 94 21 29 48 56 65 92 20 37 75 42 71 53 53 50 39 7 22 27 54 73 8 82 84 19 60 62 19 31 75 43 84 6 66 58 48 10 56 
0 1 2 3 3 6 16 16 16 17 17 23 24 25 28 35 37 37 39 41 42 42 43 44 47 47 49 50 51 57 58 59 61 62 65 66 70 71 76 79 81 82 86 87 88 94 96 96 98 99 2 5 14 17 43 46 50 64 71 72 85 86 94 21 29 48 56 65 92 20 37 75 42 53 71 53 50 39 7 22 27 54 73 8 82 84 19 60 62 19 31 75 43 84 6 66 58 48 10 56 
0 1 2 3 3 6 16 16 16 17 17 23 24 25 28 35 37 37 39 41 42 42 43 44 47 47 49 50 51 57 58 59 61 62 65 66 70 71 76 79 81 82 86 87 88 94 96 96 98 99 2 5 14 17 43 46 50 64 71 72 85 86 94 21 29 48 56 65 92 20 37 42 53 71 75 53 50 39 7 22 27 54 73 8 82 84 19 60 62 19 31 75 43 84 6 66 58 48 10 56 
0 1 2 3 3 6 16 16 16 17 17 23 24 25 28 35 37 37 39 41 42 42 43 44 47 47 49 50 51 57 58 59 61 62 65 66 70 71 76 79 81 82 86 87 88 94 96 96 98 99 2 5 14 17 43 46 50 64 71 72 85 86 94 20 21 29 37 42 48 53 56 65 71 75 92 53 50 39 7 22 27 54 73 8 82 84 19 60 62 19 31 75 43 84 6 66 58 48 10 56 
0 1 2 3 3 6 16 16 16 17 17 23 24 25 28 35 37 37 39 41 42 42 43 44 47 47 49 50 51 57 58 59 61 62 65 66 70 71 76 79 81 82 86 87 88 94 96 96 98 99 2 5 14 17 20 21 29 37 42 43 46 48 50 53 56 64 65 71 71 72 75 85 86 92 94 53 50 39 7 22 27 54 73 8 82 84 19 60 62 19 31 75 43 84 6 66 58 48 10 56 
0 1 2 3 3 6 16 16 16 17 17 23 24 25 28 35 37 37 39 41 42 42 43 44 47 47 49 50 51 57 58 59 61 62 65 66 70 71 76 79 81 82 86 87 88 94 96 96 98 99 2 5 14 17 20 21 29 37 42 43 46 48 50 53 56 64 65 71 71 72 75 85 86 92 94 50 53 39 7 22 27 54 73 8 82 84 19 60 62 19 31 75 43 84 6 66 58 48 10 56 
0 1 2 3 3 6 16 16 16 17 17 23 24 25 28 35 37 37 39 41 42 42 43 44 47 47 49 50 51 57 58 59 61 62 65 66 70 71 76 79 81 82 86 87 88 94 96 96 98 99 2 5 14 17 20 21 29 37 42 43 46 48 50 53 56 64 65 71 71 72 75 85 86 92 94 50 53 7 39 22 27 54 73 8 82 84 19 60 62 19 31 75 43 84 6 66 58 48 10 56 
0 1 2 3 3 6 16 16 16 17 17 23 24 25 28 35 37 37 39 41 42 42 43 44 47 47 49 50 51 57 58 59 61 62 65 66 70 71 76 79 81 82 86 87 88 94 96 96 98 99 2 5 14 17 20 21 29 37 42 43 46 48 50 53 56 64 65 71 71 72 75 85 86 92 94 7 39 50 53 22 27 54 73 8 82 84 19 60 62 19 31 75 43 84 6 66 58 48 10 56 
0 1 2 3 3 6 16 16 16 17 17 23 24 25 28 35 37 37 39 41 42 42 43 44 47 47 49 50 51 57 58 59 61 62 65 66 70 71 76 79 81 82 86 87 88 94 96 96 98 99 2 5 14 17 20 21 29 37 42 43 46 48 50 53 56 64 65 71 71 72 75 85 86 92 94 7 39 50 53 22 27 54 73 8 82 84 19 60 62 19 31 75 43 84 6 66 58 48 10 56 
0 1 2 3 3 6 16 16 16 17 17 23 24 25 28 35 37 37 39 41 42 42 43 44 47 47 49 50 51 57 58 59 61 62 65 66 70 71 76 79 81 82 86 87 88 94 96 96 98 99 2 5 14 17 20 21 29 37 42 43 46 48 50 53 56 64 65 71 71 72 75 85 86 92 94 7 39 50 53 22 27 54 73 8 82 84 19 60 62 19 31 75 43 84 6 66 58 48 10 56 
0 1 2 3 3 6 16 16 16 17 17 23 24 25 28 35 37 37 39 41 42 42 43 44 47 47 49 50 51 57 58 59 61 62 65 66 70 71 76 79 81 82 86 87 88 94 96 96 98 99 2 5 14 17 20 21 29 37 42 43 46 48 50 53 56 64 65 71 71 72 75 85 86 92 94 7 22 27 39 50 53 54 73 8 82 84 19 60 62 19 31 75 43 84 6 66 58 48 10 56 
0 1 2 3 3 6 16 16 16 17 17 23 24 25 28 35 37 37 39 41 42 42 43 44 47 47 49 50 51 57 58 59 61 62 65 66 70 71 76 79 81 82 86 87 88 94 96 96 98 99 2 5 14 17 20 21 29 37 42 43 46 48 50 53 56 64 65 71 71 72 75 85 86 92 94 7 22 27 39 50 53 54 8 73 82 84 19 60 62 19 31 75 43 84 6 66 58 48 10 56 
0 1 2 3 3 6 16 16 16 17 17 23 24 25 28 35 37 37 39 41 42 42 43 44 47 47 49 50 51 57 58 59 61 62 65 66 70 71 76 79 81 82 86 87 88 94 96 96 98 99 2 5 14 17 20 21 29 37 42 43 46 48 50 53 56 64 65 71 71 72 75 85 86 92 94 7 22 27 39 50 53 54 8 73 82 84 19 60 62 19 31 75 43 84 6 66 58 48 10 56 
0 1 2 3 3 6 16 16 16 17 17 23 24 25 28 35 37 37 39 41 42 42 43 44 47 47 49 50 51 57 58 59 61 62 65 66 70 71 76 79 81 82 86 87 88 94 96 96 98 99 2 5 14 17 20 21 29 37 42 43 46 48 50 53 56 64 65 71 71 72 75 85 86 92 94 7 22 27 39 50 53 54 8 73 82 19 84 60 62 19 31 75 43 84 6 66 58 48 10 56 
0 1 2 3 3 6 16 16 16 17 17 23 24 25 28 35 37 37 39 41 42 42 43 44 47 47 49 50 51 57 58 59 61 62 65 66 70 71 76 79 81 82 86 87 88 94 96 96 98 99 2 5 14 17 20 21 29 37 42 43 46 48 50 53 56 64 65 71 71 72 75 85 86 92 94 7 22 27 39 50 53 54 8 73 82 19 60 84 62 19 31 75 43 84 6 66 58 48 10 56 
0 1 2 3 3 6 16 16 16 17 17 23 24 25 28 35 37 37 39 41 42 42 43 44 47 47 49 50 51 57 58 59 61 62 65 66 70 71 76 79 81 82 86 87 88 94 96 96 98 99 2 5 14 17 20 21 29 37 42 43 46 48 50 53 56 64 65 71 71 72 75 85 86 92 94 7 22 27 39 50 53 54 8 19 60 73 82 84 62 19 31 75 43 84 6 66 58 48 10 56 
0 1 2 3 3 6 16 16 16 17 17 23 24 25 28 35 37 37 39 41 42 42 43 44 47 47 49 50 51 57 58 59 61 62 65 66 70 71 76 79 81 82 86 87 88 94 96 96 98 99 2 5 14 17 20 21 29 37 42 43 46 48 50 53 56 64 65 71 71 72 75 85 86 92 94 7 8 19 22 27 39 50 53 54 60 73 82 84 62 19 31 75 43 84 6 66 58 48 10 56 
0 1 2 3 3 6 16 16 16 17 17 23 24 25 28 35 37 37 39 41 42 42 43 44 47 47 49 50 51 57 58 59 61 62 65 66 70 71 76 79 81 82 86 87 88 94 96 96 98 99 2 5 14 17 20 21 29 37 42 43 46 48 50 53 56 64 65 71 71 72 75 85 86 92 94 7 8 19 22 27 39 50 53 54 60 73 82 84 19 62 31 75 43 84 6 66 58 48 10 56 
0 1 2 3 3 6 16 16 16 17 17 23 24 25 28 35 37 37 39 41 42 42 43 44 47 47 49 50 51 57 58 59 61 62 65 66 70 71 76 79 81 82 86 87 88 94 96 96 98 99 2 5 14 17 20 21 29 37 42 43 46 48 50 53 56 64 65 71 71 72 75 85 86 92 94 7 8 19 22 27 39 50 53 54 60 73 82 84 19 31 62 75 43 84 6 66 58 48 10 56 
0 1 2 3 3 6 16 16 16 17 17 23 24 25 28 35 37 37 39 41 42 42 43 44 47 47 49 50 51 57 58 59 61 62 65 66 70 71 76 79 81 82 86 87 88 94 96 96 98 99 2 5 14 17 20 21 29 37 42 43 46 48 50 53 56 64 65 71 71 72 75 85 86 92 94 7 8 19 22 27 39 50 53 54 60 73 82 84 19 31 62 43 75 84 6 66 58 48 10 56 
0 1 2 3 3 6 16 16 16 17 17 23 24 25 28 35 37 37 39 41 42 42 43 44 47 47 49 50 51 57 58 59 61 62 65 66 70 71 76 79 81 82 86 87 88 94 96 96 98 99 2 5 14 17 20 21 29 37 42 43 46 48 50 53 56 64 65 71 71 72 75 85 86 92 94 7 8 19 22 27 39 50 53 54 60 73 82 84 19 31 62 43 75 84 6 66 58 48 10 56 
0 1 2 3 3 6 16 16 16 17 17 23 24 25 28 35 37 37 39 41 42 42 43 44 47 47 49 50 51 57 58 59 61 62 65 66 70 71 76 79 81 82 86 87 88 94 96 96 98 99 2 5 14 17 20 21 29 37 42 43 46 48 50 53 56 64 65 71 71 72 75 85 86 92 94 7 8 19 22 27 39 50 53 54 60 73 82 84 19 31 43 62 75 84 6 66 58 48 10 56 
0 1 2 3 3 6 16 16 16 17 17 23 24 25 28 35 37 37 39 41 42 42 43 44 47 47 49 50 51 57 58 59 61 62 65 66 70 71 76 79 81 82 86 87 88 94 96 96 98 99 2 5 14 17 20 21 29 37 42 43 46 48 50 53 56 64 65 71 71 72 75 85 86 92 94 7 8 19 22 27 39 50 53 54 60 73 82 84 19 31 43 62 75 84 6 66 58 48 10 56 
0 1 2 3 3 6 16 16 16 17 17 23 24 25 28 35 37 37 39 41 42 42 43 44 47 47 49 50 51 57 58 59 61 62 65 66 70 71 76 79 81 82 86 87 88 94 96 96 98 99 2 5 14 17 20 21 29 37 42 43 46 48 50 53 56 64 65 71 71 72 75 85 86 92 94 7 8 19 22 27 39 50 53 54 60 73 82 84 19 31 43 62 75 84 6 58 66 48 10 56 
0 1 2 3 3 6 16 16 16 17 17 23 24 25 28 35 37 37 39 41 42 42 43 44 47 47 49 50 51 57 58 59 61 62 65 66 70 71 76 79 81 82 86 87 88 94 96 96 98 99 2 5 14 17 20 21 29 37 42 43 46 48 50 53 56 64 65 71 71 72 75 85 86 92 94 7 8 19 22 27 39 50 53 54 60 73 82 84 19 31 43 62 75 84 6 58 66 10 48 56 
0 1 2 3 3 6 16 16 16 17 17 23 24 25 28 35 37 37 39 41 42 42 43 44 47 47 49 50 51 57 58 59 61 62 65 66 70 71 76 79 81 82 86 87 88 94 96 96 98 99 2 5 14 17 20 21 29 37 42 43 46 48 50 53 56 64 65 71 71 72 75 85 86 92 94 7 8 19 22 27 39 50 53 54 60 73 82 84 19 31 43 62 75 84 6 58 66 10 48 56 
0 1 2 3 3 6 16 16 16 17 17 23 24 25 28 35 37 37 39 41 42 42 43 44 47 47 49 50 51 57 58 59 61 62 65 66 70 71 76 79 81 82 86 87 88 94 96 96 98 99 2 5 14 17 20 21 29 37 42 43 46 48 50 53 56 64 65 71 71 72 75 85 86 92 94 7 8 19 22 27 39 50 53 54 60 73 82 84 19 31 43 62 75 84 6 10 48 56 58 66 
0 1 2 3 3 6 16 16 16 17 17 23 24 25 28 35 37 37 39 41 42 42 43 44 47 47 49 50 51 57 58 59 61 62 65 66 70 71 76 79 81 82 86 87 88 94 96 96 98 99 2 5 14 17 20 21 29 37 42 43 46 48 50 53 56 64 65 71 71 72 75 85 86 92 94 7 8 19 22 27 39 50 53 54 60 73 82 84 6 10 19 31 43 48 56 58 62 66 75 84 
0 1 2 3 3 6 16 16 16 17 17 23 24 25 28 35 37 37 39 41 42 42 43 44 47 47 49 50 51 57 58 59 61 62 65 66 70 71 76 79 81 82 86 87 88 94 96 96 98 99 2 5 14 17 20 21 29 37 42 43 46 48 50 53 56 64 65 71 71 72 75 85 86 92 94 6 7 8 10 19 19 22 27 31 39 43 48 50 53 54 56 58 60 62 66 73 75 82 84 84 
0 1 2 3 3 6 16 16 16 17 17 23 24 25 28 35 37 37 39 41 42 42 43 44 47 47 49 50 51 57 58 59 61 62 65 66 70 71 76 79 81 82 86 87 88 94 96 96 98 99 2 5 6 7 8 10 14 17 19 19 20 21 22 27 29 31 37 39 42 43 43 46 48 48 50 50 53 53 54 56 56 58 60 62 64 65 66 71 71 72 73 75 75 82 84 84 85 86 92 94 
0 1 2 2 3 3 5 6 6 7 8 10 14 16 16 16 17 17 17 19 19 20 21 22 23 24 25 27 28 29 31 35 37 37 37 39 39 41 42 42 42 43 43 43 44 46 47 47 48 48 49 50 50 50 51 53 53 54 56 56 57 58 58 59 60 61 62 62 64 65 65 66 66 70 71 71 71 72 73 75 75 76 79 81 82 82 84 84 85 86 86 87 88 92 94 94 96 96 98 99 
